Examples 10
5
0 0 0 0 0 0 0 0 0 0 0 0 0 0 0 0 0 0 0 0 0 0 0 0 0 0 0 0 
0 0 0 0 0 0 0 0 0 0 0 0 0 0 0 0 0 0 0 0 0 0 0 0 0 0 0 0 
0 0 0 0 0 0 0 0 0 0 0 0 0 0 0 0 0 0 0 0 0 0 0 0 0 0 0 0 
0 0 0 0 0 0 0 0 0 0 0 0 0 0 0 0 0 0 0 0 0 0 0 0 0 0 0 0 
0 0 0 0 0 0 0 0 0 0 0 0 0 0 0 0 0 0 0 0 0 0 0 0 0 0 0 0 
0 0 0 0 0 0 0 0 0 0 0 0 0.0118 0.0706 0.0706 0.0706 0.494 0.533 0.686 0.102 0.651 1 0.969 0.498 0 0 0 0 
0 0 0 0 0 0 0 0 0.118 0.141 0.369 0.604 0.667 0.992 0.992 0.992 0.992 0.992 0.882 0.675 0.992 0.949 0.765 0.251 0 0 0 0 
0 0 0 0 0 0 0 0.192 0.933 0.992 0.992 0.992 0.992 0.992 0.992 0.992 0.992 0.984 0.365 0.322 0.322 0.22 0.153 0 0 0 0 0 
0 0 0 0 0 0 0 0.0706 0.859 0.992 0.992 0.992 0.992 0.992 0.776 0.714 0.969 0.945 0 0 0 0 0 0 0 0 0 0 
0 0 0 0 0 0 0 0 0.314 0.612 0.42 0.992 0.992 0.804 0.0431 0 0.169 0.604 0 0 0 0 0 0 0 0 0 0 
0 0 0 0 0 0 0 0 0 0.0549 0.00392 0.604 0.992 0.353 0 0 0 0 0 0 0 0 0 0 0 0 0 0 
0 0 0 0 0 0 0 0 0 0 0 0.545 0.992 0.745 0.00784 0 0 0 0 0 0 0 0 0 0 0 0 0 
0 0 0 0 0 0 0 0 0 0 0 0.0431 0.745 0.992 0.275 0 0 0 0 0 0 0 0 0 0 0 0 0 
0 0 0 0 0 0 0 0 0 0 0 0 0.137 0.945 0.882 0.627 0.424 0.00392 0 0 0 0 0 0 0 0 0 0 
0 0 0 0 0 0 0 0 0 0 0 0 0 0.318 0.941 0.992 0.992 0.467 0.098 0 0 0 0 0 0 0 0 0 
0 0 0 0 0 0 0 0 0 0 0 0 0 0 0.176 0.729 0.992 0.992 0.588 0.106 0 0 0 0 0 0 0 0 
0 0 0 0 0 0 0 0 0 0 0 0 0 0 0 0.0627 0.365 0.988 0.992 0.733 0 0 0 0 0 0 0 0 
0 0 0 0 0 0 0 0 0 0 0 0 0 0 0 0 0 0.976 0.992 0.976 0.251 0 0 0 0 0 0 0 
0 0 0 0 0 0 0 0 0 0 0 0 0 0 0.18 0.51 0.718 0.992 0.992 0.812 0.00784 0 0 0 0 0 0 0 
0 0 0 0 0 0 0 0 0 0 0 0 0.153 0.58 0.898 0.992 0.992 0.992 0.98 0.714 0 0 0 0 0 0 0 0 
0 0 0 0 0 0 0 0 0 0 0.0941 0.447 0.867 0.992 0.992 0.992 0.992 0.788 0.306 0 0 0 0 0 0 0 0 0 
0 0 0 0 0 0 0 0 0.0902 0.259 0.835 0.992 0.992 0.992 0.992 0.776 0.318 0.00784 0 0 0 0 0 0 0 0 0 0 
0 0 0 0 0 0 0.0706 0.671 0.859 0.992 0.992 0.992 0.992 0.765 0.314 0.0353 0 0 0 0 0 0 0 0 0 0 0 0 
0 0 0 0 0.216 0.675 0.886 0.992 0.992 0.992 0.992 0.957 0.522 0.0431 0 0 0 0 0 0 0 0 0 0 0 0 0 0 
0 0 0 0 0.533 0.992 0.992 0.992 0.831 0.529 0.518 0.0627 0 0 0 0 0 0 0 0 0 0 0 0 0 0 0 0 
0 0 0 0 0 0 0 0 0 0 0 0 0 0 0 0 0 0 0 0 0 0 0 0 0 0 0 0 
0 0 0 0 0 0 0 0 0 0 0 0 0 0 0 0 0 0 0 0 0 0 0 0 0 0 0 0 
0 0 0 0 0 0 0 0 0 0 0 0 0 0 0 0 0 0 0 0 0 0 0 0 0 0 0 0 
0
0 0 0 0 0 0 0 0 0 0 0 0 0 0 0 0 0 0 0 0 0 0 0 0 0 0 0 0 
0 0 0 0 0 0 0 0 0 0 0 0 0 0 0 0 0 0 0 0 0 0 0 0 0 0 0 0 
0 0 0 0 0 0 0 0 0 0 0 0 0 0 0 0 0 0 0 0 0 0 0 0 0 0 0 0 
0 0 0 0 0 0 0 0 0 0 0 0 0 0 0 0 0 0 0 0 0 0 0 0 0 0 0 0 
0 0 0 0 0 0 0 0 0 0 0 0 0 0 0 0.2 0.624 0.992 0.624 0.196 0 0 0 0 0 0 0 0 
0 0 0 0 0 0 0 0 0 0 0 0 0 0 0.188 0.933 0.988 0.988 0.988 0.929 0 0 0 0 0 0 0 0 
0 0 0 0 0 0 0 0 0 0 0 0 0 0.212 0.89 0.992 0.988 0.937 0.914 0.988 0.224 0.0235 0 0 0 0 0 0 
0 0 0 0 0 0 0 0 0 0 0 0.0392 0.235 0.878 0.988 0.992 0.988 0.792 0.329 0.988 0.992 0.478 0 0 0 0 0 0 
0 0 0 0 0 0 0 0 0 0 0 0.639 0.988 0.988 0.988 0.992 0.988 0.988 0.376 0.741 0.992 0.655 0 0 0 0 0 0 
0 0 0 0 0 0 0 0 0 0 0.2 0.933 0.992 0.992 0.745 0.447 0.992 0.894 0.184 0.31 1 0.659 0 0 0 0 0 0 
0 0 0 0 0 0 0 0 0 0.188 0.933 0.988 0.988 0.702 0.0471 0.294 0.475 0.0824 0 0 0.992 0.953 0.196 0 0 0 0 0 
0 0 0 0 0 0 0 0 0.149 0.647 0.992 0.914 0.816 0.329 0 0 0 0 0 0 0.992 0.988 0.647 0 0 0 0 0 
0 0 0 0 0 0 0 0.0275 0.698 0.988 0.941 0.278 0.0745 0.11 0 0 0 0 0 0 0.992 0.988 0.765 0 0 0 0 0 
0 0 0 0 0 0 0 0.224 0.988 0.988 0.247 0 0 0 0 0 0 0 0 0 0.992 0.988 0.765 0 0 0 0 0 
0 0 0 0 0 0 0 0.776 0.992 0.745 0 0 0 0 0 0 0 0 0 0 1 0.992 0.769 0 0 0 0 0 
0 0 0 0 0 0 0.298 0.965 0.988 0.439 0 0 0 0 0 0 0 0 0 0 0.992 0.988 0.58 0 0 0 0 0 
0 0 0 0 0 0 0.333 0.988 0.902 0.098 0 0 0 0 0 0 0 0 0.0275 0.529 0.992 0.729 0.0471 0 0 0 0 0 
0 0 0 0 0 0 0.333 0.988 0.875 0 0 0 0 0 0 0 0 0.0275 0.514 0.988 0.882 0.278 0 0 0 0 0 0 
0 0 0 0 0 0 0.333 0.988 0.569 0 0 0 0 0 0 0 0.188 0.647 0.988 0.678 0 0 0 0 0 0 0 0 
0 0 0 0 0 0 0.337 0.992 0.882 0 0 0 0 0 0 0.447 0.933 0.992 0.635 0 0 0 0 0 0 0 0 0 
0 0 0 0 0 0 0.333 0.988 0.976 0.573 0.188 0.114 0.333 0.698 0.882 0.992 0.875 0.655 0.22 0 0 0 0 0 0 0 0 0 
0 0 0 0 0 0 0.333 0.988 0.988 0.988 0.898 0.843 0.988 0.988 0.988 0.769 0.51 0 0 0 0 0 0 0 0 0 0 0 
0 0 0 0 0 0 0.11 0.78 0.988 0.988 0.992 0.988 0.988 0.914 0.569 0 0 0 0 0 0 0 0 0 0 0 0 0 
0 0 0 0 0 0 0 0.098 0.502 0.988 0.992 0.988 0.553 0.145 0 0 0 0 0 0 0 0 0 0 0 0 0 0 
0 0 0 0 0 0 0 0 0 0 0 0 0 0 0 0 0 0 0 0 0 0 0 0 0 0 0 0 
0 0 0 0 0 0 0 0 0 0 0 0 0 0 0 0 0 0 0 0 0 0 0 0 0 0 0 0 
0 0 0 0 0 0 0 0 0 0 0 0 0 0 0 0 0 0 0 0 0 0 0 0 0 0 0 0 
0 0 0 0 0 0 0 0 0 0 0 0 0 0 0 0 0 0 0 0 0 0 0 0 0 0 0 0 
4
0 0 0 0 0 0 0 0 0 0 0 0 0 0 0 0 0 0 0 0 0 0 0 0 0 0 0 0 
0 0 0 0 0 0 0 0 0 0 0 0 0 0 0 0 0 0 0 0 0 0 0 0 0 0 0 0 
0 0 0 0 0 0 0 0 0 0 0 0 0 0 0 0 0 0 0 0 0 0 0 0 0 0 0 0 
0 0 0 0 0 0 0 0 0 0 0 0 0 0 0 0 0 0 0 0 0 0 0 0 0 0 0 0 
0 0 0 0 0 0 0 0 0 0 0 0 0 0 0 0 0 0 0 0 0 0 0 0 0 0 0 0 
0 0 0 0 0 0 0 0 0 0 0 0 0 0 0 0 0 0 0 0 0.263 0.91 0.153 0 0 0 0 0 
0 0 0 0 0.243 0.318 0 0 0 0 0 0 0 0 0 0 0 0 0 0 0.471 0.706 0.153 0 0 0 0 0 
0 0 0 0 0.494 0.639 0 0 0 0 0 0 0 0 0 0 0 0 0 0.00784 0.6 0.824 0.157 0 0 0 0 0 
0 0 0 0 0.863 0.639 0 0 0 0 0 0 0 0 0 0 0 0 0 0.106 0.996 0.635 0 0 0 0 0 0 
0 0 0 0 0.871 0.639 0 0 0 0 0 0 0 0 0 0 0 0 0 0.718 0.996 0.49 0 0 0 0 0 0 
0 0 0 0.18 0.961 0.639 0 0 0 0 0 0 0 0 0 0 0 0 0 0.776 0.996 0.22 0 0 0 0 0 0 
0 0 0 0.471 0.996 0.639 0 0 0 0 0 0 0 0 0 0 0 0 0.0902 0.906 0.996 0.114 0 0 0 0 0 0 
0 0 0 0.624 0.996 0.471 0 0 0 0 0 0 0 0 0 0 0 0 0.639 0.996 0.847 0.0627 0 0 0 0 0 0 
0 0 0 0.624 0.996 0.263 0 0 0 0 0 0 0 0 0 0.0549 0.337 0.698 0.973 0.996 0.357 0 0 0 0 0 0 0 
0 0 0 0.624 0.996 0.333 0 0 0 0.184 0.192 0.455 0.565 0.588 0.945 0.953 0.918 0.702 0.945 0.988 0.157 0 0 0 0 0 0 0 
0 0 0 0.588 0.992 0.929 0.812 0.812 0.812 0.992 0.996 0.98 0.941 0.776 0.561 0.357 0.11 0.0196 0.914 0.98 0 0 0 0 0 0 0 0 
0 0 0 0 0.467 0.694 0.694 0.694 0.694 0.694 0.384 0.22 0 0 0 0 0 0.4 0.996 0.863 0 0 0 0 0 0 0 0 
0 0 0 0 0 0 0 0 0 0 0 0 0 0 0 0 0 0.663 0.996 0.537 0 0 0 0 0 0 0 0 
0 0 0 0 0 0 0 0 0 0 0 0 0 0 0 0 0 0.663 0.996 0.224 0 0 0 0 0 0 0 0 
0 0 0 0 0 0 0 0 0 0 0 0 0 0 0 0 0 0.663 0.996 0.224 0 0 0 0 0 0 0 0 
0 0 0 0 0 0 0 0 0 0 0 0 0 0 0 0 0 0.663 1 0.369 0 0 0 0 0 0 0 0 
0 0 0 0 0 0 0 0 0 0 0 0 0 0 0 0 0 0.663 0.996 0.376 0 0 0 0 0 0 0 0 
0 0 0 0 0 0 0 0 0 0 0 0 0 0 0 0 0 0.663 0.996 0.6 0 0 0 0 0 0 0 0 
0 0 0 0 0 0 0 0 0 0 0 0 0 0 0 0 0 0.663 1 0.6 0 0 0 0 0 0 0 0 
0 0 0 0 0 0 0 0 0 0 0 0 0 0 0 0 0 0.376 0.996 0.6 0 0 0 0 0 0 0 0 
0 0 0 0 0 0 0 0 0 0 0 0 0 0 0 0 0 0 0 0 0 0 0 0 0 0 0 0 
0 0 0 0 0 0 0 0 0 0 0 0 0 0 0 0 0 0 0 0 0 0 0 0 0 0 0 0 
0 0 0 0 0 0 0 0 0 0 0 0 0 0 0 0 0 0 0 0 0 0 0 0 0 0 0 0 
1
0 0 0 0 0 0 0 0 0 0 0 0 0 0 0 0 0 0 0 0 0 0 0 0 0 0 0 0 
0 0 0 0 0 0 0 0 0 0 0 0 0 0 0 0 0 0 0 0 0 0 0 0 0 0 0 0 
0 0 0 0 0 0 0 0 0 0 0 0 0 0 0 0 0 0 0 0 0 0 0 0 0 0 0 0 
0 0 0 0 0 0 0 0 0 0 0 0 0 0 0 0 0 0 0 0 0 0 0 0 0 0 0 0 
0 0 0 0 0 0 0 0 0 0 0 0 0 0 0 0 0 0 0 0 0 0 0 0 0 0 0 0 
0 0 0 0 0 0 0 0 0 0 0 0 0 0 0 0 0 0 0.486 0.992 1 0.247 0 0 0 0 0 0 
0 0 0 0 0 0 0 0 0 0 0 0 0 0 0 0 0 0.376 0.957 0.984 0.992 0.243 0 0 0 0 0 0 
0 0 0 0 0 0 0 0 0 0 0 0 0 0 0 0 0 0.498 0.984 0.984 0.992 0.243 0 0 0 0 0 0 
0 0 0 0 0 0 0 0 0 0 0 0 0 0 0 0 0.267 0.925 0.984 0.827 0.122 0.0314 0 0 0 0 0 0 
0 0 0 0 0 0 0 0 0 0 0 0 0 0 0 0.235 0.894 0.984 0.984 0.369 0 0 0 0 0 0 0 0 
0 0 0 0 0 0 0 0 0 0 0 0 0 0 0 0.608 0.992 0.992 0.741 0 0 0 0 0 0 0 0 0 
0 0 0 0 0 0 0 0 0 0 0 0 0 0 0.0784 0.992 0.984 0.922 0.259 0 0 0 0 0 0 0 0 0 
0 0 0 0 0 0 0 0 0 0 0 0 0 0.125 0.804 0.992 0.984 0.494 0 0 0 0 0 0 0 0 0 0 
0 0 0 0 0 0 0 0 0 0 0 0 0 0.408 0.984 0.992 0.722 0.0588 0 0 0 0 0 0 0 0 0 0 
0 0 0 0 0 0 0 0 0 0 0 0 0.314 0.941 0.984 0.757 0.0902 0 0 0 0 0 0 0 0 0 0 0 
0 0 0 0 0 0 0 0 0 0 0 0.125 0.992 0.992 0.992 0.624 0 0 0 0 0 0 0 0 0 0 0 0 
0 0 0 0 0 0 0 0 0 0 0 0.592 0.984 0.984 0.984 0.153 0 0 0 0 0 0 0 0 0 0 0 0 
0 0 0 0 0 0 0 0 0 0 0.188 0.867 0.984 0.984 0.675 0 0 0 0 0 0 0 0 0 0 0 0 0 
0 0 0 0 0 0 0 0 0 0 0.918 0.984 0.984 0.769 0.0471 0 0 0 0 0 0 0 0 0 0 0 0 0 
0 0 0 0 0 0 0 0 0 0 0.992 0.984 0.984 0.349 0 0 0 0 0 0 0 0 0 0 0 0 0 0 
0 0 0 0 0 0 0 0 0 0.624 1 0.992 0.992 0.122 0 0 0 0 0 0 0 0 0 0 0 0 0 0 
0 0 0 0 0 0 0 0 0.188 0.894 0.992 0.969 0.549 0.0314 0 0 0 0 0 0 0 0 0 0 0 0 0 0 
0 0 0 0 0 0 0 0 0.251 0.984 0.992 0.863 0 0 0 0 0 0 0 0 0 0 0 0 0 0 0 0 
0 0 0 0 0 0 0 0 0.251 0.984 0.992 0.863 0 0 0 0 0 0 0 0 0 0 0 0 0 0 0 0 
0 0 0 0 0 0 0 0 0.0941 0.757 0.992 0.863 0 0 0 0 0 0 0 0 0 0 0 0 0 0 0 0 
0 0 0 0 0 0 0 0 0 0 0 0 0 0 0 0 0 0 0 0 0 0 0 0 0 0 0 0 
0 0 0 0 0 0 0 0 0 0 0 0 0 0 0 0 0 0 0 0 0 0 0 0 0 0 0 0 
0 0 0 0 0 0 0 0 0 0 0 0 0 0 0 0 0 0 0 0 0 0 0 0 0 0 0 0 
9
0 0 0 0 0 0 0 0 0 0 0 0 0 0 0 0 0 0 0 0 0 0 0 0 0 0 0 0 
0 0 0 0 0 0 0 0 0 0 0 0 0 0 0 0 0 0 0 0 0 0 0 0 0 0 0 0 
0 0 0 0 0 0 0 0 0 0 0 0 0 0 0 0 0 0 0 0 0 0 0 0 0 0 0 0 
0 0 0 0 0 0 0 0 0 0 0 0 0 0 0 0 0 0 0 0 0 0 0 0 0 0 0 0 
0 0 0 0 0 0 0 0 0 0 0 0 0 0 0 0 0 0 0 0 0 0 0 0 0 0 0 0 
0 0 0 0 0 0 0 0 0 0 0 0 0 0 0 0 0 0 0 0 0 0 0 0 0 0 0 0 
0 0 0 0 0 0 0 0 0 0 0 0 0 0 0 0 0 0 0 0 0 0 0 0 0 0 0 0 
0 0 0 0 0 0 0 0 0 0 0 0 0.216 0.58 0.824 0.992 0.992 0.443 0.341 0.58 0.216 0 0 0 0 0 0 0 
0 0 0 0 0 0 0 0 0 0 0 0.341 0.91 0.988 0.992 0.741 0.824 0.988 0.988 0.992 0.659 0 0 0 0 0 0 0 
0 0 0 0 0 0 0 0 0 0.0157 0.224 0.949 0.988 0.745 0.255 0.0196 0.0471 0.714 0.988 0.992 0.455 0 0 0 0 0 0 0 
0 0 0 0 0 0 0 0 0 0.376 0.988 0.988 0.718 0.0549 0 0 0.361 0.988 0.988 0.882 0.0824 0 0 0 0 0 0 0 
0 0 0 0 0 0 0 0 0.518 0.992 0.988 0.573 0.0549 0 0 0 0.843 0.988 0.988 0.31 0 0 0 0 0 0 0 0 
0 0 0 0 0 0 0 0.494 0.992 0.969 0.69 0.0353 0 0 0.0314 0.306 0.961 0.992 0.506 0 0 0 0 0 0 0 0 0 
0 0 0 0 0 0 0.0627 0.91 0.988 0.69 0 0 0 0.141 0.788 0.988 0.988 0.663 0.0431 0 0 0 0 0 0 0 0 0 
0 0 0 0 0 0 0.0863 0.988 0.988 0.118 0.0863 0.467 0.773 0.945 0.992 0.988 0.984 0.302 0 0 0 0 0 0 0 0 0 0 
0 0 0 0 0 0 0.0627 0.906 0.988 0.992 0.988 0.988 0.988 0.886 0.89 0.988 0.906 0 0 0 0 0 0 0 0 0 0 0 
0 0 0 0 0 0 0 0.216 0.922 0.992 0.851 0.541 0.165 0.0941 0.753 0.988 0.561 0 0 0 0 0 0 0 0 0 0 0 
0 0 0 0 0 0 0 0 0 0 0 0 0 0.243 1 0.992 0.427 0 0 0 0 0 0 0 0 0 0 0 
0 0 0 0 0 0 0 0 0 0 0 0 0 0.278 0.992 0.988 0.0824 0 0 0 0 0 0 0 0 0 0 0 
0 0 0 0 0 0 0 0 0 0 0 0 0 0 0.992 0.988 0.0824 0 0 0 0 0 0 0 0 0 0 0 
0 0 0 0 0 0 0 0 0 0 0 0 0 0.278 0.992 0.988 0.0824 0 0 0 0 0 0 0 0 0 0 0 
0 0 0 0 0 0 0 0 0 0 0 0 0 0.416 0.992 0.988 0.0824 0 0 0 0 0 0 0 0 0 0 0 
0 0 0 0 0 0 0 0 0 0 0 0 0 0.176 1 0.992 0.0824 0 0 0 0 0 0 0 0 0 0 0 
0 0 0 0 0 0 0 0 0 0 0 0 0 0 0.855 0.988 0.22 0 0 0 0 0 0 0 0 0 0 0 
0 0 0 0 0 0 0 0 0 0 0 0 0 0 0.376 0.988 0.741 0.165 0 0 0 0 0 0 0 0 0 0 
0 0 0 0 0 0 0 0 0 0 0 0 0 0 0.0549 0.722 0.988 0.667 0.0431 0 0 0 0 0 0 0 0 0 
0 0 0 0 0 0 0 0 0 0 0 0 0 0 0 0.0549 0.576 0.988 0.165 0 0 0 0 0 0 0 0 0 
0 0 0 0 0 0 0 0 0 0 0 0 0 0 0 0 0 0 0 0 0 0 0 0 0 0 0 0 
2
0 0 0 0 0 0 0 0 0 0 0 0 0 0 0 0 0 0 0 0 0 0 0 0 0 0 0 0 
0 0 0 0 0 0 0 0 0 0 0 0 0 0 0 0 0 0 0 0 0 0 0 0 0 0 0 0 
0 0 0 0 0 0 0 0 0 0 0 0 0 0 0 0 0 0 0 0 0 0 0 0 0 0 0 0 
0 0 0 0 0 0 0 0 0 0 0 0 0 0 0 0 0 0 0 0 0 0 0 0 0 0 0 0 
0 0 0 0 0 0 0 0 0 0 0 0 0 0 0 0 0 0 0 0 0 0 0 0 0 0 0 0 
0 0 0 0 0 0 0 0 0 0 0 0 0 0 0 0.051 0.098 0.392 0.478 0.0275 0 0 0 0 0 0 0 0 
0 0 0 0 0 0 0 0 0 0 0 0 0 0.129 0.592 0.816 0.988 0.988 0.988 0.573 0 0 0 0 0 0 0 0 
0 0 0 0 0 0 0 0 0 0 0 0.157 0.596 0.957 0.988 0.992 0.878 0.827 0.988 0.91 0.157 0 0 0 0 0 0 0 
0 0 0 0 0 0 0 0 0 0.0588 0.596 0.937 0.988 0.988 0.988 0.847 0.122 0.145 0.988 0.988 0.235 0 0 0 0 0 0 0 
0 0 0 0 0 0 0 0 0 0.376 0.988 0.988 0.988 0.988 0.851 0.114 0 0.145 0.988 0.988 0.235 0 0 0 0 0 0 0 
0 0 0 0 0 0 0 0 0 0.71 0.988 0.988 0.863 0.655 0.118 0 0 0.302 0.988 0.988 0.235 0 0 0 0 0 0 0 
0 0 0 0 0 0 0 0 0 0.102 0.502 0.227 0.0863 0 0 0 0 0.392 0.988 0.988 0.235 0 0 0 0 0 0 0 
0 0 0 0 0 0 0 0 0 0 0 0 0 0 0 0 0 0.616 0.988 0.988 0.235 0 0 0 0 0 0 0 
0 0 0 0 0 0 0 0 0 0 0 0 0 0.431 0.475 0.478 0.475 0.792 0.988 0.761 0.0118 0 0 0 0 0 0 0 
0 0 0 0 0 0 0 0 0 0 0.0392 0.208 0.702 0.992 0.992 1 0.992 0.992 0.894 0.137 0 0 0 0 0 0 0 0 
0 0 0 0 0 0 0 0 0.0196 0.212 0.89 0.988 0.953 0.894 0.667 0.949 0.988 0.988 0.906 0.459 0.0235 0 0 0 0 0 0 0 
0 0 0 0 0 0 0 0.0235 0.306 0.988 0.988 0.49 0.231 0 0.0706 0.816 0.988 0.988 0.988 0.988 0.341 0.0275 0 0 0 0 0 0 
0 0 0 0 0 0 0.0196 0.529 0.988 0.988 0.706 0.0627 0 0.0824 0.796 0.992 0.969 0.506 0.678 0.988 0.988 0.722 0.259 0.192 0.192 0 0 0 
0 0 0 0 0 0.0118 0.533 0.988 0.945 0.416 0.0667 0 0.208 0.784 0.988 0.847 0.255 0 0.0549 0.282 0.639 0.945 0.988 0.988 0.875 0 0 0 
0 0 0 0 0 0.412 0.988 0.949 0.345 0.0706 0.286 0.667 0.957 0.988 0.494 0.114 0 0 0 0 0 0.349 0.706 0.706 0.145 0 0 0 
0 0 0 0 0 0.906 0.988 0.961 0.804 0.847 0.988 0.988 0.988 0.486 0.0118 0 0 0 0 0 0 0 0 0 0 0 0 0 
0 0 0 0 0 0.812 0.988 0.988 0.988 0.988 0.698 0.455 0.141 0.0157 0 0 0 0 0 0 0 0 0 0 0 0 0 0 
0 0 0 0 0 0.051 0.365 0.561 0.475 0.0902 0.0235 0 0 0 0 0 0 0 0 0 0 0 0 0 0 0 0 0 
0 0 0 0 0 0 0 0 0 0 0 0 0 0 0 0 0 0 0 0 0 0 0 0 0 0 0 0 
0 0 0 0 0 0 0 0 0 0 0 0 0 0 0 0 0 0 0 0 0 0 0 0 0 0 0 0 
0 0 0 0 0 0 0 0 0 0 0 0 0 0 0 0 0 0 0 0 0 0 0 0 0 0 0 0 
0 0 0 0 0 0 0 0 0 0 0 0 0 0 0 0 0 0 0 0 0 0 0 0 0 0 0 0 
0 0 0 0 0 0 0 0 0 0 0 0 0 0 0 0 0 0 0 0 0 0 0 0 0 0 0 0 
1
0 0 0 0 0 0 0 0 0 0 0 0 0 0 0 0 0 0 0 0 0 0 0 0 0 0 0 0 
0 0 0 0 0 0 0 0 0 0 0 0 0 0 0 0 0 0 0 0 0 0 0 0 0 0 0 0 
0 0 0 0 0 0 0 0 0 0 0 0 0 0 0 0 0 0 0 0 0 0 0 0 0 0 0 0 
0 0 0 0 0 0 0 0 0 0 0 0 0 0 0 0 0 0 0 0 0 0 0 0 0 0 0 0 
0 0 0 0 0 0 0 0 0 0 0 0 0.569 1 0.827 0.122 0 0 0 0 0 0 0 0 0 0 0 0 
0 0 0 0 0 0 0 0 0 0 0 0.125 0.929 0.992 0.988 0.278 0 0 0 0 0 0 0 0 0 0 0 0 
0 0 0 0 0 0 0 0 0 0 0 0.0431 0.686 0.992 0.988 0.278 0 0 0 0 0 0 0 0 0 0 0 0 
0 0 0 0 0 0 0 0 0 0 0 0 0.565 0.992 0.988 0.278 0 0 0 0 0 0 0 0 0 0 0 0 
0 0 0 0 0 0 0 0 0 0 0 0.0627 0.749 0.992 0.988 0.278 0 0 0 0 0 0 0 0 0 0 0 0 
0 0 0 0 0 0 0 0 0 0 0 0.102 0.867 0.992 0.988 0.486 0.122 0 0 0 0 0 0 0 0 0 0 0 
0 0 0 0 0 0 0 0 0 0 0 0 0.49 0.992 0.988 0.988 0.424 0 0 0 0 0 0 0 0 0 0 0 
0 0 0 0 0 0 0 0 0 0 0 0 0 0.992 0.988 0.988 0.424 0 0 0 0 0 0 0 0 0 0 0 
0 0 0 0 0 0 0 0 0 0 0 0 0 1 0.992 0.992 0.424 0 0 0 0 0 0 0 0 0 0 0 
0 0 0 0 0 0 0 0 0 0 0 0 0 0.992 0.988 0.988 0.424 0 0 0 0 0 0 0 0 0 0 0 
0 0 0 0 0 0 0 0 0 0 0 0 0 0.992 0.988 0.988 0.424 0 0 0 0 0 0 0 0 0 0 0 
0 0 0 0 0 0 0 0 0 0 0 0 0 0.992 0.988 0.988 0.424 0 0 0 0 0 0 0 0 0 0 0 
0 0 0 0 0 0 0 0 0 0 0 0 0 1 0.992 0.992 0.667 0 0 0 0 0 0 0 0 0 0 0 
0 0 0 0 0 0 0 0 0 0 0 0 0 0.992 0.988 0.988 0.988 0.165 0 0 0 0 0 0 0 0 0 0 
0 0 0 0 0 0 0 0 0 0 0 0 0 0.584 0.988 0.988 0.988 0.565 0 0 0 0 0 0 0 0 0 0 
0 0 0 0 0 0 0 0 0 0 0 0 0 0.427 0.988 0.988 0.988 0.565 0 0 0 0 0 0 0 0 0 0 
0 0 0 0 0 0 0 0 0 0 0 0 0 0 0.855 0.992 0.992 1 0.137 0 0 0 0 0 0 0 0 0 
0 0 0 0 0 0 0 0 0 0 0 0 0 0 0.686 0.988 0.988 0.992 0.137 0 0 0 0 0 0 0 0 0 
0 0 0 0 0 0 0 0 0 0 0 0 0 0 0.286 0.988 0.988 0.992 0.137 0 0 0 0 0 0 0 0 0 
0 0 0 0 0 0 0 0 0 0 0 0 0 0 0.122 0.827 0.988 0.992 0.137 0 0 0 0 0 0 0 0 0 
0 0 0 0 0 0 0 0 0 0 0 0 0 0 0 0 0 0 0 0 0 0 0 0 0 0 0 0 
0 0 0 0 0 0 0 0 0 0 0 0 0 0 0 0 0 0 0 0 0 0 0 0 0 0 0 0 
0 0 0 0 0 0 0 0 0 0 0 0 0 0 0 0 0 0 0 0 0 0 0 0 0 0 0 0 
0 0 0 0 0 0 0 0 0 0 0 0 0 0 0 0 0 0 0 0 0 0 0 0 0 0 0 0 
3
0 0 0 0 0 0 0 0 0 0 0 0 0 0 0 0 0 0 0 0 0 0 0 0 0 0 0 0 
0 0 0 0 0 0 0 0 0 0 0 0 0 0 0 0 0 0 0 0 0 0 0 0 0 0 0 0 
0 0 0 0 0 0 0 0 0 0 0 0 0 0 0 0 0 0 0 0 0 0 0 0 0 0 0 0 
0 0 0 0 0 0 0 0 0 0 0 0 0 0 0 0 0 0 0 0 0 0 0 0 0 0 0 0 
0 0 0 0 0 0 0 0 0 0 0 0 0 0 0 0 0 0 0 0 0 0 0 0 0 0 0 0 
0 0 0 0 0 0 0 0 0 0 0 0.149 0.169 0.412 1 0.992 0.992 0.992 0.992 0.992 0.682 0.0235 0 0 0 0 0 0 
0 0 0 0 0 0 0 0 0 0.169 0.545 0.878 0.886 0.988 0.992 0.988 0.988 0.988 0.988 0.988 0.988 0.62 0.0549 0 0 0 0 0 
0 0 0 0 0 0 0 0 0 0.698 0.988 0.988 0.988 0.988 0.992 0.988 0.988 0.988 0.988 0.988 0.988 0.988 0.231 0 0 0 0 0 
0 0 0 0 0 0 0 0 0 0.427 0.988 0.988 0.902 0.518 0.522 0.518 0.518 0.741 0.988 0.988 0.988 0.988 0.231 0 0 0 0 0 
0 0 0 0 0 0 0 0 0 0.0157 0.114 0.114 0.0941 0 0 0 0 0.0549 0.886 0.988 0.988 0.675 0.0275 0 0 0 0 0 
0 0 0 0 0 0 0 0 0 0 0 0 0 0 0 0 0 0.333 0.953 0.988 0.988 0.565 0 0 0 0 0 0 
0 0 0 0 0 0 0 0 0 0 0 0 0 0 0 0 0.345 0.741 0.988 0.988 0.988 0.0549 0 0 0 0 0 0 
0 0 0 0 0 0 0 0 0 0 0 0 0 0 0.357 0.831 0.969 0.988 0.988 0.988 0.8 0.0353 0 0 0 0 0 0 
0 0 0 0 0 0 0 0 0 0.125 0.49 0.757 0.757 0.757 0.992 0.988 0.988 0.988 0.933 0.4 0.11 0 0 0 0 0 0 0 
0 0 0 0 0 0 0 0 0.176 0.871 0.988 0.988 0.988 0.988 0.992 0.988 0.988 0.988 0.694 0 0 0 0 0 0 0 0 0 
0 0 0 0 0 0 0 0 0.176 0.875 0.992 0.992 0.992 0.992 1 0.992 0.992 0.992 0.992 0.29 0 0 0 0 0 0 0 0 
0 0 0 0 0 0 0 0 0 0.122 0.482 0.204 0.173 0.173 0.173 0.173 0.561 0.988 0.988 0.29 0 0 0 0 0 0 0 0 
0 0 0 0 0 0 0 0 0 0 0 0 0 0 0 0 0.0588 0.988 0.988 0.29 0 0 0 0 0 0 0 0 
0 0 0 0 0 0 0 0 0 0 0 0 0 0 0 0 0.337 0.988 0.988 0.29 0 0 0 0 0 0 0 0 
0 0 0 0 0 0 0.0196 0.294 0.0353 0 0 0 0 0 0 0.384 0.949 0.988 0.988 0.29 0 0 0 0 0 0 0 0 
0 0 0 0 0 0.239 0.718 0.988 0.114 0 0 0 0 0.0706 0.361 0.937 0.988 0.988 0.953 0.255 0 0 0 0 0 0 0 0 
0 0 0 0 0 0.816 0.988 0.988 0.576 0.525 0.525 0.525 0.525 0.796 0.992 0.988 0.988 0.737 0.325 0 0 0 0 0 0 0 0 0 
0 0 0 0 0 0.816 0.988 0.988 0.988 0.988 0.988 0.988 0.988 0.988 0.992 0.902 0.6 0.0314 0 0 0 0 0 0 0 0 0 0 
0 0 0 0 0 0.192 0.616 0.988 0.988 0.988 0.988 0.988 0.851 0.812 0.573 0.176 0 0 0 0 0 0 0 0 0 0 0 0 
0 0 0 0 0 0 0.0275 0.404 0.922 0.988 0.675 0.404 0.0941 0 0 0 0 0 0 0 0 0 0 0 0 0 0 0 
0 0 0 0 0 0 0 0 0 0 0 0 0 0 0 0 0 0 0 0 0 0 0 0 0 0 0 0 
0 0 0 0 0 0 0 0 0 0 0 0 0 0 0 0 0 0 0 0 0 0 0 0 0 0 0 0 
0 0 0 0 0 0 0 0 0 0 0 0 0 0 0 0 0 0 0 0 0 0 0 0 0 0 0 0 
1
0 0 0 0 0 0 0 0 0 0 0 0 0 0 0 0 0 0 0 0 0 0 0 0 0 0 0 0 
0 0 0 0 0 0 0 0 0 0 0 0 0 0 0 0 0 0 0 0 0 0 0 0 0 0 0 0 
0 0 0 0 0 0 0 0 0 0 0 0 0 0 0 0 0 0 0 0 0 0 0 0 0 0 0 0 
0 0 0 0 0 0 0 0 0 0 0 0 0 0 0 0 0 0 0 0 0 0 0 0 0 0 0 0 
0 0 0 0 0 0 0 0 0 0 0 0 0 0 0 0 0 0 0 0 0 0 0 0 0 0 0 0 
0 0 0 0 0 0 0 0 0 0 0 0 0.0196 0.247 0.773 0 0 0 0 0 0 0 0 0 0 0 0 0 
0 0 0 0 0 0 0 0 0 0 0 0 0.0784 0.996 0.902 0.0941 0 0 0 0 0 0 0 0 0 0 0 0 
0 0 0 0 0 0 0 0 0 0 0 0 0.0784 0.996 0.996 0.188 0 0 0 0 0 0 0 0 0 0 0 0 
0 0 0 0 0 0 0 0 0 0 0 0 0.0784 0.996 1 0.188 0 0 0 0 0 0 0 0 0 0 0 0 
0 0 0 0 0 0 0 0 0 0 0 0 0.0784 0.996 0.996 0.224 0 0 0 0 0 0 0 0 0 0 0 0 
0 0 0 0 0 0 0 0 0 0 0 0 0.0784 0.996 0.996 0.424 0 0 0 0 0 0 0 0 0 0 0 0 
0 0 0 0 0 0 0 0 0 0 0 0 0.0627 0.937 0.996 0.561 0 0 0 0 0 0 0 0 0 0 0 0 
0 0 0 0 0 0 0 0 0 0 0 0 0 0.698 0.996 0.561 0 0 0 0 0 0 0 0 0 0 0 0 
0 0 0 0 0 0 0 0 0 0 0 0 0 0.698 0.996 0.561 0 0 0 0 0 0 0 0 0 0 0 0 
0 0 0 0 0 0 0 0 0 0 0 0 0 0.698 0.996 0.635 0 0 0 0 0 0 0 0 0 0 0 0 
0 0 0 0 0 0 0 0 0 0 0 0 0 0.698 0.996 0.941 0 0 0 0 0 0 0 0 0 0 0 0 
0 0 0 0 0 0 0 0 0 0 0 0 0 0.443 0.996 0.941 0 0 0 0 0 0 0 0 0 0 0 0 
0 0 0 0 0 0 0 0 0 0 0 0 0 0.325 0.996 0.961 0.122 0 0 0 0 0 0 0 0 0 0 0 
0 0 0 0 0 0 0 0 0 0 0 0 0 0.31 0.996 0.965 0.149 0 0 0 0 0 0 0 0 0 0 0 
0 0 0 0 0 0 0 0 0 0 0 0 0 0 0.839 0.996 0.588 0 0 0 0 0 0 0 0 0 0 0 
0 0 0 0 0 0 0 0 0 0 0 0 0 0 0.565 0.945 0.0314 0 0 0 0 0 0 0 0 0 0 0 
0 0 0 0 0 0 0 0 0 0 0 0 0 0 0.565 0.941 0.00784 0 0 0 0 0 0 0 0 0 0 0 
0 0 0 0 0 0 0 0 0 0 0 0 0 0 0.565 0.996 0.322 0 0 0 0 0 0 0 0 0 0 0 
0 0 0 0 0 0 0 0 0 0 0 0 0 0 0.902 0.969 0.157 0 0 0 0 0 0 0 0 0 0 0 
0 0 0 0 0 0 0 0 0 0 0 0 0 0 0.659 0.82 0.122 0 0 0 0 0 0 0 0 0 0 0 
0 0 0 0 0 0 0 0 0 0 0 0 0 0 0 0 0 0 0 0 0 0 0 0 0 0 0 0 
0 0 0 0 0 0 0 0 0 0 0 0 0 0 0 0 0 0 0 0 0 0 0 0 0 0 0 0 
0 0 0 0 0 0 0 0 0 0 0 0 0 0 0 0 0 0 0 0 0 0 0 0 0 0 0 0 
4
0 0 0 0 0 0 0 0 0 0 0 0 0 0 0 0 0 0 0 0 0 0 0 0 0 0 0 0 
0 0 0 0 0 0 0 0 0 0 0 0 0 0 0 0 0 0 0 0 0 0 0 0 0 0 0 0 
0 0 0 0 0 0 0 0 0 0 0 0 0 0 0 0 0 0 0 0 0 0 0 0 0 0 0 0 
0 0 0 0 0 0 0 0 0 0 0 0 0 0 0 0 0 0 0 0 0 0 0 0 0 0 0 0 
0 0 0 0 0 0 0 0 0 0 0 0 0 0 0 0 0 0 0 0 0 0 0.741 0.745 0 0 0 0 
0 0 0 0 0 0 0 0 0 0 0 0 0 0 0 0 0 0 0 0 0 0.561 0.969 0.6 0 0 0 0 
0 0 0 0 0 0 0 0 0 0 0 0 0 0 0 0 0 0 0 0 0.533 0.969 0.949 0.337 0 0 0 0 
0 0 0 0 0 0 0 0 0 0 0 0 0 0 0 0 0 0 0 0 0.753 0.988 0.733 0 0 0 0 0 
0 0 0 0 0 0 0 0 0 0 0 0 0.243 0.725 0.0706 0 0 0 0 0.349 0.925 0.851 0.184 0 0 0 0 0 
0 0 0 0 0 0 0 0 0 0 0 0 0.847 0.992 0.235 0 0 0 0 0.831 1 0.318 0 0 0 0 0 0 
0 0 0 0 0 0 0 0 0 0 0 0 0.808 0.988 0.267 0 0 0 0.188 0.949 0.992 0.349 0 0 0 0 0 0 
0 0 0 0 0 0 0 0 0 0 0 0.514 0.984 0.831 0.0824 0 0 0.0431 0.655 0.988 0.773 0.0196 0 0 0 0 0 0 
0 0 0 0 0 0 0 0 0 0 0.114 0.91 0.969 0.247 0 0 0 0.6 0.988 0.886 0 0 0 0 0 0 0 0 
0 0 0 0 0 0 0 0 0 0.176 0.859 0.988 0.561 0 0 0 0.455 0.976 0.988 0.404 0 0 0 0 0 0 0 0 
0 0 0 0 0 0 0 0.0157 0.376 0.992 1 0.992 0.784 0.478 0.0275 0.098 0.788 0.98 0.62 0 0 0 0 0 0 0 0 0 
0 0 0 0 0 0 0 0.361 0.988 0.988 0.992 0.851 0.988 0.988 0.784 0.89 0.988 0.906 0 0 0 0 0 0 0 0 0 0 
0 0 0 0 0 0 0.341 0.984 0.969 0.906 0.255 0.188 0.741 0.988 0.988 0.992 0.988 0.984 0.89 0.137 0 0 0 0 0 0 0 0 
0 0 0 0 0 0 0.745 0.867 0.384 0 0 0 0.165 0.769 0.988 0.992 0.988 0.988 0.635 0 0 0 0 0 0 0 0 0 
0 0 0 0 0 0 0.435 0.114 0 0 0 0 0.243 0.937 0.988 0.337 0.165 0.165 0.0549 0 0 0 0 0 0 0 0 0 
0 0 0 0 0 0 0 0 0 0 0 0.0588 0.58 0.992 0.855 0 0 0 0 0 0 0 0 0 0 0 0 0 
0 0 0 0 0 0 0 0 0 0 0 0.475 0.988 0.906 0.11 0 0 0 0 0 0 0 0 0 0 0 0 0 
0 0 0 0 0 0 0 0 0 0 0.122 0.867 0.984 0.506 0 0 0 0 0 0 0 0 0 0 0 0 0 0 
0 0 0 0 0 0 0 0 0 0 0.855 0.988 0.627 0 0 0 0 0 0 0 0 0 0 0 0 0 0 0 
0 0 0 0 0 0 0 0 0 0 0.478 0.988 0.322 0 0 0 0 0 0 0 0 0 0 0 0 0 0 0 
0 0 0 0 0 0 0 0 0 0 0 0 0 0 0 0 0 0 0 0 0 0 0 0 0 0 0 0 
0 0 0 0 0 0 0 0 0 0 0 0 0 0 0 0 0 0 0 0 0 0 0 0 0 0 0 0 
0 0 0 0 0 0 0 0 0 0 0 0 0 0 0 0 0 0 0 0 0 0 0 0 0 0 0 0 
0 0 0 0 0 0 0 0 0 0 0 0 0 0 0 0 0 0 0 0 0 0 0 0 0 0 0 0 