Examples 10
7
0 0 0 0 0 0 0 0 0 0 0 0 0 0 0 0 0 0 0 0 0 0 0 0 0 0 0 0 
0 0 0 0 0 0 0 0 0 0 0 0 0 0 0 0 0 0 0 0 0 0 0 0 0 0 0 0 
0 0 0 0 0 0 0 0 0 0 0 0 0 0 0 0 0 0 0 0 0 0 0 0 0 0 0 0 
0 0 0 0 0 0 0 0 0 0 0 0 0 0 0 0 0 0 0 0 0 0 0 0 0 0 0 0 
0 0 0 0 0 0 0 0 0 0 0 0 0 0 0 0 0 0 0 0 0 0 0 0 0 0 0 0 
0 0 0 0 0 0 0 0 0 0 0 0 0 0 0 0 0 0 0 0 0 0 0 0 0 0 0 0 
0 0 0 0 0 0 0 0 0 0 0 0 0 0 0 0 0 0 0 0 0 0 0 0 0 0 0 0 
0 0 0 0 0 0 0.329 0.725 0.624 0.592 0.235 0.141 0 0 0 0 0 0 0 0 0 0 0 0 0 0 0 0 
0 0 0 0 0 0 0.871 0.996 0.996 0.996 0.996 0.945 0.776 0.776 0.776 0.776 0.776 0.776 0.776 0.776 0.667 0.204 0 0 0 0 0 0 
0 0 0 0 0 0 0.263 0.447 0.282 0.447 0.639 0.89 0.996 0.882 0.996 0.996 0.996 0.98 0.898 0.996 0.996 0.549 0 0 0 0 0 0 
0 0 0 0 0 0 0 0 0 0 0 0.0667 0.259 0.0549 0.263 0.263 0.263 0.231 0.0824 0.925 0.996 0.416 0 0 0 0 0 0 
0 0 0 0 0 0 0 0 0 0 0 0 0 0 0 0 0 0 0.325 0.992 0.82 0.0706 0 0 0 0 0 0 
0 0 0 0 0 0 0 0 0 0 0 0 0 0 0 0 0 0.0863 0.914 1 0.325 0 0 0 0 0 0 0 
0 0 0 0 0 0 0 0 0 0 0 0 0 0 0 0 0 0.506 0.996 0.933 0.173 0 0 0 0 0 0 0 
0 0 0 0 0 0 0 0 0 0 0 0 0 0 0 0 0.231 0.976 0.996 0.243 0 0 0 0 0 0 0 0 
0 0 0 0 0 0 0 0 0 0 0 0 0 0 0 0 0.522 0.996 0.733 0.0196 0 0 0 0 0 0 0 0 
0 0 0 0 0 0 0 0 0 0 0 0 0 0 0 0.0353 0.804 0.973 0.227 0 0 0 0 0 0 0 0 0 
0 0 0 0 0 0 0 0 0 0 0 0 0 0 0 0.494 0.996 0.714 0 0 0 0 0 0 0 0 0 0 
0 0 0 0 0 0 0 0 0 0 0 0 0 0 0.294 0.984 0.941 0.224 0 0 0 0 0 0 0 0 0 0 
0 0 0 0 0 0 0 0 0 0 0 0 0 0.0745 0.867 0.996 0.651 0 0 0 0 0 0 0 0 0 0 0 
0 0 0 0 0 0 0 0 0 0 0 0 0.0118 0.796 0.996 0.859 0.137 0 0 0 0 0 0 0 0 0 0 0 
0 0 0 0 0 0 0 0 0 0 0 0 0.149 0.996 0.996 0.302 0 0 0 0 0 0 0 0 0 0 0 0 
0 0 0 0 0 0 0 0 0 0 0 0.122 0.878 0.996 0.451 0.00392 0 0 0 0 0 0 0 0 0 0 0 0 
0 0 0 0 0 0 0 0 0 0 0 0.522 0.996 0.996 0.204 0 0 0 0 0 0 0 0 0 0 0 0 0 
0 0 0 0 0 0 0 0 0 0 0.239 0.949 0.996 0.996 0.204 0 0 0 0 0 0 0 0 0 0 0 0 0 
0 0 0 0 0 0 0 0 0 0 0.475 0.996 0.996 0.859 0.157 0 0 0 0 0 0 0 0 0 0 0 0 0 
0 0 0 0 0 0 0 0 0 0 0.475 0.996 0.812 0.0706 0 0 0 0 0 0 0 0 0 0 0 0 0 0 
0 0 0 0 0 0 0 0 0 0 0 0 0 0 0 0 0 0 0 0 0 0 0 0 0 0 0 0 
2
0 0 0 0 0 0 0 0 0 0 0 0 0 0 0 0 0 0 0 0 0 0 0 0 0 0 0 0 
0 0 0 0 0 0 0 0 0 0 0 0 0 0 0 0 0 0 0 0 0 0 0 0 0 0 0 0 
0 0 0 0 0 0 0 0 0 0 0 0 0 0 0 0 0 0 0 0 0 0 0 0 0 0 0 0 
0 0 0 0 0 0 0 0 0 0 0.455 0.49 0.671 1 1 0.588 0.365 0 0 0 0 0 0 0 0 0 0 0 
0 0 0 0 0 0 0 0 0 0.663 0.992 0.992 0.992 0.992 0.992 0.992 0.855 0.118 0 0 0 0 0 0 0 0 0 0 
0 0 0 0 0 0 0 0 0.663 0.992 0.992 0.992 0.835 0.557 0.69 0.992 0.992 0.478 0 0 0 0 0 0 0 0 0 0 
0 0 0 0 0 0 0 0.204 0.98 0.992 0.824 0.125 0.0471 0 0.0235 0.808 0.992 0.549 0 0 0 0 0 0 0 0 0 0 
0 0 0 0 0 0 0 0.302 0.984 0.824 0.098 0 0 0 0.478 0.973 0.992 0.255 0 0 0 0 0 0 0 0 0 0 
0 0 0 0 0 0 0 0 0.122 0.0706 0 0 0 0 0.82 0.992 0.992 0.255 0 0 0 0 0 0 0 0 0 0 
0 0 0 0 0 0 0 0 0 0 0 0 0 0.459 0.969 0.992 0.776 0.0392 0 0 0 0 0 0 0 0 0 0 
0 0 0 0 0 0 0 0 0 0 0 0 0.298 0.969 0.992 0.906 0.247 0 0 0 0 0 0 0 0 0 0 0 
0 0 0 0 0 0 0 0 0 0 0 0 0.502 0.992 0.992 0.565 0 0 0 0 0 0 0 0 0 0 0 0 
0 0 0 0 0 0 0 0 0 0 0 0.69 0.965 0.992 0.624 0.0471 0 0 0 0 0 0 0 0 0 0 0 0 
0 0 0 0 0 0 0 0 0 0 0.098 0.918 0.992 0.914 0.137 0 0 0 0 0 0 0 0 0 0 0 0 0 
0 0 0 0 0 0 0 0 0 0 0.776 0.992 0.992 0.553 0 0 0 0 0 0 0 0 0 0 0 0 0 0 
0 0 0 0 0 0 0 0 0 0.306 0.973 0.992 0.741 0.0471 0 0 0 0 0 0 0 0 0 0 0 0 0 0 
0 0 0 0 0 0 0 0 0.0745 0.784 0.992 0.992 0.553 0 0 0 0 0 0 0 0 0 0 0 0 0 0 0 
0 0 0 0 0 0 0 0 0.525 0.992 0.992 0.678 0.0471 0 0 0 0 0 0 0 0 0 0 0 0 0 0 0 
0 0 0 0 0 0 0 0 0.973 0.992 0.992 0.098 0 0 0 0 0 0 0 0 0 0 0 0 0 0 0 0 
0 0 0 0 0 0 0 0 0.973 0.992 0.992 0.169 0.0784 0.0784 0.0784 0.0784 0.0196 0 0.0196 0.0784 0.0784 0.145 0.588 0.588 0.588 0.576 0.0392 0 
0 0 0 0 0 0 0 0 0.973 0.992 0.992 0.992 0.992 0.992 0.992 0.992 0.659 0.561 0.651 0.992 0.992 0.992 0.992 0.992 0.992 0.992 0.482 0 
0 0 0 0 0 0 0 0 0.682 0.992 0.992 0.992 0.992 0.992 0.992 0.992 0.992 0.992 0.992 0.992 0.976 0.969 0.969 0.663 0.459 0.459 0.224 0 
0 0 0 0 0 0 0 0 0 0.463 0.482 0.482 0.482 0.651 0.992 0.992 0.992 0.608 0.482 0.482 0.161 0 0 0 0 0 0 0 
0 0 0 0 0 0 0 0 0 0 0 0 0 0 0 0 0 0 0 0 0 0 0 0 0 0 0 0 
0 0 0 0 0 0 0 0 0 0 0 0 0 0 0 0 0 0 0 0 0 0 0 0 0 0 0 0 
0 0 0 0 0 0 0 0 0 0 0 0 0 0 0 0 0 0 0 0 0 0 0 0 0 0 0 0 
0 0 0 0 0 0 0 0 0 0 0 0 0 0 0 0 0 0 0 0 0 0 0 0 0 0 0 0 
0 0 0 0 0 0 0 0 0 0 0 0 0 0 0 0 0 0 0 0 0 0 0 0 0 0 0 0 
1
0 0 0 0 0 0 0 0 0 0 0 0 0 0 0 0 0 0 0 0 0 0 0 0 0 0 0 0 
0 0 0 0 0 0 0 0 0 0 0 0 0 0 0 0 0 0 0 0 0 0 0 0 0 0 0 0 
0 0 0 0 0 0 0 0 0 0 0 0 0 0 0 0 0 0 0 0 0 0 0 0 0 0 0 0 
0 0 0 0 0 0 0 0 0 0 0 0 0 0 0 0 0 0 0 0 0 0 0 0 0 0 0 0 
0 0 0 0 0 0 0 0 0 0 0 0 0 0 0 0 0.149 0.996 0.427 0 0 0 0 0 0 0 0 0 
0 0 0 0 0 0 0 0 0 0 0 0 0 0 0 0 0.341 0.988 0.322 0 0 0 0 0 0 0 0 0 
0 0 0 0 0 0 0 0 0 0 0 0 0 0 0 0 0.529 0.945 0 0 0 0 0 0 0 0 0 0 
0 0 0 0 0 0 0 0 0 0 0 0 0 0 0 0.176 0.957 0.588 0 0 0 0 0 0 0 0 0 0 
0 0 0 0 0 0 0 0 0 0 0 0 0 0 0 0.329 0.996 0.247 0 0 0 0 0 0 0 0 0 0 
0 0 0 0 0 0 0 0 0 0 0 0 0 0 0 0.792 0.875 0.0431 0 0 0 0 0 0 0 0 0 0 
0 0 0 0 0 0 0 0 0 0 0 0 0 0 0.125 0.996 0.847 0 0 0 0 0 0 0 0 0 0 0 
0 0 0 0 0 0 0 0 0 0 0 0 0 0 0.373 0.996 0.765 0 0 0 0 0 0 0 0 0 0 0 
0 0 0 0 0 0 0 0 0 0 0 0 0 0 0.549 0.996 0.302 0 0 0 0 0 0 0 0 0 0 0 
0 0 0 0 0 0 0 0 0 0 0 0 0 0.224 0.929 0.804 0.0314 0 0 0 0 0 0 0 0 0 0 0 
0 0 0 0 0 0 0 0 0 0 0 0 0 0.486 1 0.647 0 0 0 0 0 0 0 0 0 0 0 0 
0 0 0 0 0 0 0 0 0 0 0 0 0 0.671 0.996 0.318 0 0 0 0 0 0 0 0 0 0 0 0 
0 0 0 0 0 0 0 0 0 0 0 0 0.0941 0.91 0.843 0 0 0 0 0 0 0 0 0 0 0 0 0 
0 0 0 0 0 0 0 0 0 0 0 0 0.471 0.996 0.624 0 0 0 0 0 0 0 0 0 0 0 0 0 
0 0 0 0 0 0 0 0 0 0 0 0 0.592 0.996 0.557 0 0 0 0 0 0 0 0 0 0 0 0 0 
0 0 0 0 0 0 0 0 0 0 0 0 0.894 0.996 0.259 0 0 0 0 0 0 0 0 0 0 0 0 0 
0 0 0 0 0 0 0 0 0 0 0 0.239 0.984 0.996 0.259 0 0 0 0 0 0 0 0 0 0 0 0 0 
0 0 0 0 0 0 0 0 0 0 0 0.553 0.996 0.804 0.0118 0 0 0 0 0 0 0 0 0 0 0 0 0 
0 0 0 0 0 0 0 0 0 0 0.0392 0.843 0.996 0.475 0 0 0 0 0 0 0 0 0 0 0 0 0 0 
0 0 0 0 0 0 0 0 0 0 0.0196 0.776 0.69 0.0392 0 0 0 0 0 0 0 0 0 0 0 0 0 0 
0 0 0 0 0 0 0 0 0 0 0 0 0 0 0 0 0 0 0 0 0 0 0 0 0 0 0 0 
0 0 0 0 0 0 0 0 0 0 0 0 0 0 0 0 0 0 0 0 0 0 0 0 0 0 0 0 
0 0 0 0 0 0 0 0 0 0 0 0 0 0 0 0 0 0 0 0 0 0 0 0 0 0 0 0 
0 0 0 0 0 0 0 0 0 0 0 0 0 0 0 0 0 0 0 0 0 0 0 0 0 0 0 0 
0
0 0 0 0 0 0 0 0 0 0 0 0 0 0 0 0 0 0 0 0 0 0 0 0 0 0 0 0 
0 0 0 0 0 0 0 0 0 0 0 0 0 0 0 0 0 0 0 0 0 0 0 0 0 0 0 0 
0 0 0 0 0 0 0 0 0 0 0 0 0 0 0 0 0 0 0 0 0 0 0 0 0 0 0 0 
0 0 0 0 0 0 0 0 0 0 0 0 0 0 0 0 0 0 0 0 0 0 0 0 0 0 0 0 
0 0 0 0 0 0 0 0 0 0 0 0 0.0431 0.588 0.992 0.792 0.122 0 0 0 0 0 0 0 0 0 0 0 
0 0 0 0 0 0 0 0 0 0 0 0 0.145 0.984 0.984 0.992 0.42 0 0 0 0 0 0 0 0 0 0 0 
0 0 0 0 0 0 0 0 0 0 0 0.0824 0.773 0.984 0.984 0.992 0.42 0 0 0 0 0 0 0 0 0 0 0 
0 0 0 0 0 0 0 0 0 0 0.431 0.745 0.984 0.984 0.984 0.992 0.663 0.427 0.243 0 0 0 0 0 0 0 0 0 
0 0 0 0 0 0 0 0 0 0 0.992 0.984 0.984 0.984 0.984 0.992 0.984 0.984 0.863 0.2 0 0 0 0 0 0 0 0 
0 0 0 0 0 0 0 0 0 0.714 1 0.992 0.992 0.992 0.992 0.918 0.871 0.992 0.992 0.992 0 0 0 0 0 0 0 0 
0 0 0 0 0 0 0 0 0.247 0.867 0.992 0.984 0.984 0.984 0.576 0.302 0.243 0.502 0.984 0.984 0.412 0 0 0 0 0 0 0 
0 0 0 0 0 0 0 0.125 0.906 0.984 0.992 0.984 0.863 0.537 0.0392 0 0 0.122 0.902 0.984 0.953 0.443 0.0196 0 0 0 0 0 
0 0 0 0 0 0 0 0.145 0.984 0.984 0.992 0.737 0.0784 0 0 0 0 0 0.427 0.984 0.992 0.984 0.137 0 0 0 0 0 
0 0 0 0 0 0 0 0.145 0.984 0.984 0.788 0.118 0 0 0 0 0 0 0.122 0.784 0.992 0.984 0.137 0 0 0 0 0 
0 0 0 0 0 0 0 0.145 0.992 0.992 0 0 0 0 0 0 0 0 0.125 0.792 1 0.992 0.643 0 0 0 0 0 
0 0 0 0 0 0 0 0.549 0.984 0.984 0 0 0 0 0 0 0 0 0.427 0.984 0.992 0.984 0.137 0 0 0 0 0 
0 0 0 0 0 0 0 0.851 0.984 0.984 0 0 0 0 0 0 0.0824 0.247 0.906 0.984 0.992 0.902 0.118 0 0 0 0 0 
0 0 0 0 0 0 0 0.851 0.984 0.984 0 0 0 0 0 0 0.565 0.984 0.984 0.984 0.867 0.239 0 0 0 0 0 0 
0 0 0 0 0 0 0 0.851 0.984 0.984 0 0 0 0 0 0.714 0.867 0.984 0.984 0.984 0.706 0 0 0 0 0 0 0 
0 0 0 0 0 0 0 0.855 0.992 0.992 0.286 0.286 0.894 0.992 0.992 1 0.992 0.992 0.992 0.992 0 0 0 0 0 0 0 0 
0 0 0 0 0 0 0 0.443 0.984 0.984 0.992 0.984 0.984 0.984 0.984 0.992 0.984 0.984 0.984 0.576 0 0 0 0 0 0 0 0 
0 0 0 0 0 0 0 0.122 0.902 0.984 0.992 0.984 0.984 0.984 0.984 0.992 0.902 0.741 0.137 0.0392 0 0 0 0 0 0 0 0 
0 0 0 0 0 0 0 0 0.243 0.557 0.992 0.984 0.984 0.984 0.984 0.992 0.42 0 0 0 0 0 0 0 0 0 0 0 
0 0 0 0 0 0 0 0 0 0 0.282 0.682 0.984 0.678 0.278 0.282 0.118 0 0 0 0 0 0 0 0 0 0 0 
0 0 0 0 0 0 0 0 0 0 0 0 0 0 0 0 0 0 0 0 0 0 0 0 0 0 0 0 
0 0 0 0 0 0 0 0 0 0 0 0 0 0 0 0 0 0 0 0 0 0 0 0 0 0 0 0 
0 0 0 0 0 0 0 0 0 0 0 0 0 0 0 0 0 0 0 0 0 0 0 0 0 0 0 0 
0 0 0 0 0 0 0 0 0 0 0 0 0 0 0 0 0 0 0 0 0 0 0 0 0 0 0 0 
4
0 0 0 0 0 0 0 0 0 0 0 0 0 0 0 0 0 0 0 0 0 0 0 0 0 0 0 0 
0 0 0 0 0 0 0 0 0 0 0 0 0 0 0 0 0 0 0 0 0 0 0 0 0 0 0 0 
0 0 0 0 0 0 0 0 0 0 0 0 0 0 0 0 0 0 0 0 0 0 0 0 0 0 0 0 
0 0 0 0 0 0 0 0 0 0 0 0 0 0 0 0 0 0 0 0 0 0 0 0 0 0 0 0 
0 0 0 0 0 0 0 0 0 0 0 0 0 0 0 0 0 0 0 0 0 0 0 0 0 0 0 0 
0 0 0 0 0 0 0 0 0 0 0.196 0.878 0 0 0 0 0 0 0 0.275 0.114 0 0 0 0 0 0 0 
0 0 0 0 0 0 0 0 0 0 0.475 0.906 0 0 0 0 0 0 0 0.58 0.659 0 0 0 0 0 0 0 
0 0 0 0 0 0 0 0 0 0.0157 0.765 0.906 0 0 0 0 0 0 0 0.376 0.824 0.0431 0 0 0 0 0 0 
0 0 0 0 0 0 0 0 0 0.271 0.988 0.525 0 0 0 0 0 0 0 0.447 0.988 0.0824 0 0 0 0 0 0 
0 0 0 0 0 0 0 0 0.176 0.925 0.851 0.0471 0 0 0 0 0 0 0 0.753 0.988 0.0824 0 0 0 0 0 0 
0 0 0 0 0 0 0 0 0.659 0.969 0.208 0 0 0 0 0 0 0 0.0706 1 0.992 0.0824 0 0 0 0 0 0 
0 0 0 0 0 0 0 0.329 0.949 0.827 0 0 0 0 0 0 0 0 0.553 0.992 0.741 0.0196 0 0 0 0 0 0 
0 0 0 0 0 0 0 0.663 0.988 0.416 0 0 0 0 0 0 0 0.125 0.91 0.98 0.259 0 0 0 0 0 0 0 
0 0 0 0 0 0 0.0588 0.882 0.988 0 0 0 0 0 0 0 0 0.525 0.988 0.827 0 0 0 0 0 0 0 0 
0 0 0 0 0 0 0.0863 0.988 0.643 0 0 0 0 0 0 0 0 0.663 0.988 0.655 0 0 0 0 0 0 0 0 
0 0 0 0 0 0 0.0353 0.8 0.82 0.0706 0 0 0 0 0 0 0.0863 0.992 0.992 0.42 0 0 0 0 0 0 0 0 
0 0 0 0 0 0 0 0.663 0.988 0.78 0.333 0.333 0.333 0.333 0.506 0.643 0.765 0.988 0.988 0.416 0 0 0 0 0 0 0 0 
0 0 0 0 0 0 0 0.161 0.667 0.961 0.988 0.988 0.988 0.988 0.91 0.906 0.984 0.988 0.988 0.0353 0 0 0 0 0 0 0 0 
0 0 0 0 0 0 0 0 0 0.192 0.329 0.329 0.329 0.329 0 0 0.631 0.988 0.988 0 0 0 0 0 0 0 0 0 
0 0 0 0 0 0 0 0 0 0 0 0 0 0 0 0 0.498 0.988 0.988 0.176 0 0 0 0 0 0 0 0 
0 0 0 0 0 0 0 0 0 0 0 0 0 0 0 0 0.502 0.992 0.992 0 0 0 0 0 0 0 0 0 
0 0 0 0 0 0 0 0 0 0 0 0 0 0 0 0 0.498 0.988 0.988 0 0 0 0 0 0 0 0 0 
0 0 0 0 0 0 0 0 0 0 0 0 0 0 0 0 0.529 0.988 0.957 0 0 0 0 0 0 0 0 0 
0 0 0 0 0 0 0 0 0 0 0 0 0 0 0 0 0.91 0.925 0.435 0 0 0 0 0 0 0 0 0 
0 0 0 0 0 0 0 0 0 0 0 0 0 0 0 0 0.702 0.259 0 0 0 0 0 0 0 0 0 0 
0 0 0 0 0 0 0 0 0 0 0 0 0 0 0 0 0 0 0 0 0 0 0 0 0 0 0 0 
0 0 0 0 0 0 0 0 0 0 0 0 0 0 0 0 0 0 0 0 0 0 0 0 0 0 0 0 
0 0 0 0 0 0 0 0 0 0 0 0 0 0 0 0 0 0 0 0 0 0 0 0 0 0 0 0 
1
0 0 0 0 0 0 0 0 0 0 0 0 0 0 0 0 0 0 0 0 0 0 0 0 0 0 0 0 
0 0 0 0 0 0 0 0 0 0 0 0 0 0 0 0 0 0 0 0 0 0 0 0 0 0 0 0 
0 0 0 0 0 0 0 0 0 0 0 0 0 0 0 0 0 0 0 0 0 0 0 0 0 0 0 0 
0 0 0 0 0 0 0 0 0 0 0 0 0 0 0 0 0 0 0 0 0 0 0 0 0 0 0 0 
0 0 0 0 0 0 0 0 0 0 0 0 0 0 0 0 0 0 0 0 0 0 0 0 0 0 0 0 
0 0 0 0 0 0 0 0 0 0 0 0 0 0 0 0 0.302 0.996 0.42 0.0118 0 0 0 0 0 0 0 0 
0 0 0 0 0 0 0 0 0 0 0 0 0 0 0 0.0745 0.89 0.996 0.996 0.0353 0 0 0 0 0 0 0 0 
0 0 0 0 0 0 0 0 0 0 0 0 0 0 0 0.318 0.996 0.996 0.647 0.00392 0 0 0 0 0 0 0 0 
0 0 0 0 0 0 0 0 0 0 0 0 0 0 0.0275 0.796 0.996 0.996 0.286 0 0 0 0 0 0 0 0 0 
0 0 0 0 0 0 0 0 0 0 0 0 0 0 0.208 0.996 0.996 0.98 0 0 0 0 0 0 0 0 0 0 
0 0 0 0 0 0 0 0 0 0 0 0 0 0 0.525 0.996 0.996 0.706 0 0 0 0 0 0 0 0 0 0 
0 0 0 0 0 0 0 0 0 0 0 0 0 0 0.769 0.996 0.973 0.188 0 0 0 0 0 0 0 0 0 0 
0 0 0 0 0 0 0 0 0 0 0 0 0 0.227 0.996 0.996 0.929 0 0 0 0 0 0 0 0 0 0 0 
0 0 0 0 0 0 0 0 0 0 0 0 0 0.435 0.996 0.996 0.518 0 0 0 0 0 0 0 0 0 0 0 
0 0 0 0 0 0 0 0 0 0 0 0 0 0.639 0.996 0.933 0.11 0 0 0 0 0 0 0 0 0 0 0 
0 0 0 0 0 0 0 0 0 0 0 0 0.235 0.988 0.996 0.875 0 0 0 0 0 0 0 0 0 0 0 0 
0 0 0 0 0 0 0 0 0 0 0 0 0.31 0.996 0.996 0.604 0 0 0 0 0 0 0 0 0 0 0 0 
0 0 0 0 0 0 0 0 0 0 0 0 0.639 0.996 0.933 0.208 0 0 0 0 0 0 0 0 0 0 0 0 
0 0 0 0 0 0 0 0 0 0 0 0.11 0.988 0.996 0.824 0 0 0 0 0 0 0 0 0 0 0 0 0 
0 0 0 0 0 0 0 0 0 0 0 0.337 0.996 0.996 0.514 0 0 0 0 0 0 0 0 0 0 0 0 0 
0 0 0 0 0 0 0 0 0 0 0 0.412 0.996 0.918 0.0784 0 0 0 0 0 0 0 0 0 0 0 0 0 
0 0 0 0 0 0 0 0 0 0 0 0.686 0.996 0.8 0.0196 0 0 0 0 0 0 0 0 0 0 0 0 0 
0 0 0 0 0 0 0 0 0 0 0.0196 0.827 0.996 0.769 0 0 0 0 0 0 0 0 0 0 0 0 0 0 
0 0 0 0 0 0 0 0 0 0 0.0118 0.62 0.996 0.627 0 0 0 0 0 0 0 0 0 0 0 0 0 0 
0 0 0 0 0 0 0 0 0 0 0 0.102 0.616 0.42 0 0 0 0 0 0 0 0 0 0 0 0 0 0 
0 0 0 0 0 0 0 0 0 0 0 0 0 0 0 0 0 0 0 0 0 0 0 0 0 0 0 0 
0 0 0 0 0 0 0 0 0 0 0 0 0 0 0 0 0 0 0 0 0 0 0 0 0 0 0 0 
0 0 0 0 0 0 0 0 0 0 0 0 0 0 0 0 0 0 0 0 0 0 0 0 0 0 0 0 
4
0 0 0 0 0 0 0 0 0 0 0 0 0 0 0 0 0 0 0 0 0 0 0 0 0 0 0 0 
0 0 0 0 0 0 0 0 0 0 0 0 0 0 0 0 0 0 0 0 0 0 0 0 0 0 0 0 
0 0 0 0 0 0 0 0 0 0 0 0 0 0 0 0 0 0 0 0 0 0 0 0 0 0 0 0 
0 0 0 0 0 0 0 0 0 0 0 0 0 0 0 0 0 0 0 0 0 0 0 0 0 0 0 0 
0 0 0 0 0 0 0 0 0 0 0 0 0 0 0 0 0 0 0 0 0 0 0 0 0 0 0 0 
0 0 0 0 0 0 0 0 0 0.0863 0.753 0.525 0.125 0 0 0 0 0 0 0 0 0.0588 0.302 0.0196 0 0 0 0 
0 0 0 0 0 0 0 0 0.0667 0.922 0.98 0.663 0 0 0 0 0 0 0 0 0.0588 0.863 0.945 0.145 0 0 0 0 
0 0 0 0 0 0 0 0.0784 0.741 0.992 0.576 0 0 0 0 0 0 0 0 0 0.545 0.992 0.392 0 0 0 0 0 
0 0 0 0 0 0 0 0.275 0.992 0.992 0.0824 0 0 0 0 0 0 0 0 0.169 0.996 0.678 0.051 0 0 0 0 0 
0 0 0 0 0 0 0.0863 0.6 0.992 0.376 0 0 0 0 0 0 0 0 0.169 0.906 0.996 0.361 0 0 0 0 0 0 
0 0 0 0 0 0 0.639 1 0.8 0.0431 0 0 0 0 0 0 0 0 0.408 0.996 0.62 0 0 0 0 0 0 0 
0 0 0 0 0 0 0.635 0.992 0.698 0.0196 0 0 0 0 0 0 0.0353 0.514 0.929 0.992 0 0 0 0 0 0 0 0 
0 0 0 0 0 0 0.635 0.992 0.992 0.749 0.686 0.275 0.275 0.275 0.275 0.522 0.773 0.992 0.992 0.663 0 0 0 0 0 0 0 0 
0 0 0 0 0 0 0.2 0.894 0.992 0.992 0.996 0.992 0.992 0.992 0.992 0.996 0.992 0.992 0.859 0.137 0 0 0 0 0 0 0 0 
0 0 0 0 0 0 0 0.0667 0.255 0.537 0.996 0.91 0.537 0.537 0.537 0.173 0.992 0.992 0.631 0 0 0 0 0 0 0 0 0 
0 0 0 0 0 0 0 0 0 0 0 0 0 0 0 0.133 0.996 0.808 0.0824 0 0 0 0 0 0 0 0 0 
0 0 0 0 0 0 0 0 0 0 0 0 0 0 0 0.627 0.992 0.271 0 0 0 0 0 0 0 0 0 0 
0 0 0 0 0 0 0 0 0 0 0 0 0 0 0.333 0.996 0.945 0.196 0 0 0 0 0 0 0 0 0 0 
0 0 0 0 0 0 0 0 0 0 0 0 0 0 0.62 0.996 0.647 0 0 0 0 0 0 0 0 0 0 0 
0 0 0 0 0 0 0 0 0 0 0 0 0 0 0.906 0.957 0.196 0 0 0 0 0 0 0 0 0 0 0 
0 0 0 0 0 0 0 0 0 0 0 0 0 0.408 0.996 0.91 0 0 0 0 0 0 0 0 0 0 0 0 
0 0 0 0 0 0 0 0 0 0 0 0 0 0.816 0.992 0.616 0 0.051 0.118 0 0 0 0 0 0 0 0 0 
0 0 0 0 0 0 0 0 0 0 0 0 0 0.816 0.992 0.604 0.357 0.8 0.631 0 0 0 0 0 0 0 0 0 
0 0 0 0 0 0 0 0 0 0 0 0 0 0.816 0.992 0.996 0.992 0.604 0.114 0 0 0 0 0 0 0 0 0 
0 0 0 0 0 0 0 0 0 0 0 0 0 0.239 0.745 0.502 0.0902 0.0235 0 0 0 0 0 0 0 0 0 0 
0 0 0 0 0 0 0 0 0 0 0 0 0 0 0 0 0 0 0 0 0 0 0 0 0 0 0 0 
0 0 0 0 0 0 0 0 0 0 0 0 0 0 0 0 0 0 0 0 0 0 0 0 0 0 0 0 
0 0 0 0 0 0 0 0 0 0 0 0 0 0 0 0 0 0 0 0 0 0 0 0 0 0 0 0 
9
0 0 0 0 0 0 0 0 0 0 0 0 0 0 0 0 0 0 0 0 0 0 0 0 0 0 0 0 
0 0 0 0 0 0 0 0 0 0 0 0 0 0 0 0 0 0 0 0 0 0 0 0 0 0 0 0 
0 0 0 0 0 0 0 0 0 0 0 0 0 0 0 0 0 0 0 0 0 0 0 0 0 0 0 0 
0 0 0 0 0 0 0 0 0 0 0 0 0 0 0 0 0 0 0 0 0 0 0 0 0 0 0 0 
0 0 0 0 0 0 0 0 0 0 0 0 0 0 0 0 0 0 0 0 0 0 0 0 0 0 0 0 
0 0 0 0 0 0 0 0 0 0 0 0 0 0 0 0 0 0 0 0 0 0 0 0 0 0 0 0 
0 0 0 0 0 0 0 0 0 0 0 0.0549 0.584 0.757 0.0196 0 0 0 0 0 0 0 0 0 0 0 0 0 
0 0 0 0 0 0 0 0 0 0 0.357 0.878 0.992 0.992 0.0745 0 0 0 0 0 0 0 0 0 0 0 0 0 
0 0 0 0 0 0 0 0 0 0.11 0.922 0.996 0.992 0.992 0.651 0.0706 0 0 0 0 0 0 0 0 0 0 0 0 
0 0 0 0 0 0 0 0 0 0.565 0.992 0.996 0.992 0.992 0.992 0.933 0.451 0.0235 0 0 0 0 0 0 0 0 0 0 
0 0 0 0 0 0 0 0 0.122 0.945 0.992 0.816 0.725 0.992 0.992 0.992 0.906 0.0941 0 0 0 0 0 0 0 0 0 0 
0 0 0 0 0 0 0 0 0.31 0.996 0.757 0 0.0314 0.384 0.859 0.996 1 0.788 0.0706 0 0 0 0 0 0 0 0 0 
0 0 0 0 0 0 0 0 0.337 0.992 0.314 0 0 0 0.714 0.992 0.996 0.749 0.0471 0 0 0 0 0 0 0 0 0 
0 0 0 0 0 0 0 0 0.686 0.992 0.608 0 0 0 0.918 0.992 0.996 0.529 0 0 0 0 0 0 0 0 0 0 
0 0 0 0 0 0 0 0 0.337 0.992 0.816 0.157 0.333 0.651 0.984 0.929 0.996 0.925 0.165 0 0 0 0 0 0 0 0 0 
0 0 0 0 0 0 0 0 0.0706 0.933 0.992 0.996 0.992 0.992 0.725 0.141 0.847 0.992 0.596 0 0 0 0 0 0 0 0 0 
0 0 0 0 0 0 0 0 0 0.267 0.941 1 0.996 0.569 0.0314 0 0.525 0.996 0.875 0.137 0 0 0 0 0 0 0 0 
0 0 0 0 0 0 0 0 0 0 0.267 0.62 0.557 0.0471 0 0 0.0353 0.686 0.992 0.631 0 0 0 0 0 0 0 0 
0 0 0 0 0 0 0 0 0 0 0 0 0 0 0 0 0 0.345 0.992 0.886 0.0706 0 0 0 0 0 0 0 
0 0 0 0 0 0 0 0 0 0 0 0 0 0 0 0 0 0.00784 0.651 0.992 0.494 0 0 0 0 0 0 0 
0 0 0 0 0 0 0 0 0 0 0 0 0 0 0 0 0 0 0.188 0.961 0.992 0.149 0 0 0 0 0 0 
0 0 0 0 0 0 0 0 0 0 0 0 0 0 0 0 0 0 0 0.451 0.996 0.675 0.0353 0 0 0 0 0 
0 0 0 0 0 0 0 0 0 0 0 0 0 0 0 0 0 0 0 0.0824 0.855 0.996 0.18 0 0 0 0 0 
0 0 0 0 0 0 0 0 0 0 0 0 0 0 0 0 0 0 0 0 0.118 0.996 0.647 0 0 0 0 0 
0 0 0 0 0 0 0 0 0 0 0 0 0 0 0 0 0 0 0 0 0 0.729 0.957 0.165 0 0 0 0 
0 0 0 0 0 0 0 0 0 0 0 0 0 0 0 0 0 0 0 0 0 0.0549 0.875 0.306 0 0 0 0 
0 0 0 0 0 0 0 0 0 0 0 0 0 0 0 0 0 0 0 0 0 0 0 0 0 0 0 0 
0 0 0 0 0 0 0 0 0 0 0 0 0 0 0 0 0 0 0 0 0 0 0 0 0 0 0 0 
5
0 0 0 0 0 0 0 0 0 0 0 0 0 0 0 0 0 0 0 0 0 0 0 0 0 0 0 0 
0 0 0 0 0 0 0 0 0 0 0 0 0 0 0 0 0 0 0 0 0 0 0 0 0 0 0 0 
0 0 0 0 0 0 0 0 0 0 0 0 0 0 0 0 0 0 0 0 0 0 0 0 0 0 0 0 
0 0 0 0 0 0 0 0 0 0 0 0 0 0 0 0 0 0 0 0 0 0 0 0 0 0 0 0 
0 0 0 0 0 0 0 0 0 0 0 0 0 0 0 0 0 0.0667 0.184 0.184 0.184 0.0627 0.506 0.333 0.184 0 0 0 
0 0 0 0 0 0 0 0 0 0 0 0 0 0 0 0.294 0.6 0.851 0.992 0.992 0.992 0.843 0.965 0.992 0.992 0 0 0 
0 0 0 0 0 0 0 0 0 0 0 0 0.137 0.557 0.957 0.988 0.992 0.992 0.992 0.992 0.992 0.992 0.992 0.992 0.992 0 0 0 
0 0 0 0 0 0 0 0 0 0 0 0 0.247 0.992 0.992 0.992 0.992 0.992 0.992 0.992 0.835 0.667 0.667 0.667 0.667 0 0 0 
0 0 0 0 0 0 0 0 0.0784 0.518 0.282 0 0.224 0.933 0.89 0.933 0.659 0.486 0.271 0.0784 0.0431 0 0 0 0 0 0 0 
0 0 0 0 0 0 0 0.0431 0.808 0.992 0.306 0 0 0.125 0 0.118 0.00784 0 0 0 0 0 0 0 0 0 0 0 
0 0 0 0 0 0 0.0235 0.694 0.992 0.518 0.0392 0 0 0 0 0 0 0 0 0 0 0 0 0 0 0 0 0 
0 0 0 0 0 0.0471 0.522 0.992 0.914 0.0588 0 0 0 0 0 0 0 0 0 0 0 0 0 0 0 0 0 0 
0 0 0 0 0 0.361 0.992 0.875 0.11 0 0 0 0 0 0 0 0 0 0 0 0 0 0 0 0 0 0 0 
0 0 0 0 0 0.588 0.992 0.682 0 0 0 0 0 0 0 0 0 0 0 0 0 0 0 0 0 0 0 0 
0 0 0 0 0 0.918 0.992 0.965 0.498 0.192 0 0 0 0 0 0 0 0 0 0 0 0 0 0 0 0 0 0 
0 0 0 0 0 1 0.992 0.992 0.992 0.984 0.576 0.357 0.475 0.333 0.165 0.165 0.333 0.11 0 0 0 0 0 0 0 0 0 0 
0 0 0 0 0 0.545 0.992 0.992 0.992 0.992 0.992 0.992 0.992 0.992 0.992 0.992 0.992 0.91 0.659 0 0 0 0 0 0 0 0 0 
0 0 0 0 0 0.0118 0.208 0.855 0.871 0.984 0.992 0.992 0.992 0.992 0.992 0.992 0.992 0.992 0.988 0.486 0 0 0 0 0 0 0 0 
0 0 0 0 0 0 0 0 0 0.263 0.282 0.784 0.992 0.992 0.992 0.992 0.992 0.992 0.992 0.686 0 0 0 0 0 0 0 0 
0 0 0 0 0 0 0 0 0 0 0 0.471 0.992 0.976 0.596 0.2 0.643 0.992 0.992 0.686 0 0 0 0 0 0 0 0 
0 0 0 0 0 0 0 0 0 0 0 0.196 0.992 0.992 0.992 0.737 0.988 0.992 0.992 0.58 0 0 0 0 0 0 0 0 
0 0 0 0 0 0 0 0 0 0 0 0.0353 0.655 0.992 0.992 0.992 0.992 0.98 0.686 0.0431 0 0 0 0 0 0 0 0 
0 0 0 0 0 0 0 0 0 0 0 0 0.0902 0.706 0.906 0.992 0.867 0.502 0 0 0 0 0 0 0 0 0 0 
0 0 0 0 0 0 0 0 0 0 0 0 0 0 0.365 0.584 0.0863 0 0 0 0 0 0 0 0 0 0 0 
0 0 0 0 0 0 0 0 0 0 0 0 0 0 0 0 0 0 0 0 0 0 0 0 0 0 0 0 
0 0 0 0 0 0 0 0 0 0 0 0 0 0 0 0 0 0 0 0 0 0 0 0 0 0 0 0 
0 0 0 0 0 0 0 0 0 0 0 0 0 0 0 0 0 0 0 0 0 0 0 0 0 0 0 0 
0 0 0 0 0 0 0 0 0 0 0 0 0 0 0 0 0 0 0 0 0 0 0 0 0 0 0 0 
9
0 0 0 0 0 0 0 0 0 0 0 0 0 0 0 0 0 0 0 0 0 0 0 0 0 0 0 0 
0 0 0 0 0 0 0 0 0 0 0 0 0 0 0 0 0 0 0 0 0 0 0 0 0 0 0 0 
0 0 0 0 0 0 0 0 0 0 0 0 0 0 0 0 0 0 0 0 0 0 0 0 0 0 0 0 
0 0 0 0 0 0 0 0 0 0 0 0 0 0 0 0 0 0 0 0 0 0 0 0 0 0 0 0 
0 0 0 0 0 0 0 0 0 0 0 0 0 0 0 0 0 0 0 0 0 0 0 0 0 0 0 0 
0 0 0 0 0 0 0 0 0 0 0 0 0 0 0 0 0 0 0 0 0 0 0 0 0 0 0 0 
0 0 0 0 0 0 0 0 0 0 0 0 0 0 0 0 0 0 0 0 0 0 0 0 0 0 0 0 
0 0 0 0 0 0 0 0 0 0 0 0 0 0.141 0.22 0.537 0.788 0.78 0.373 0.145 0 0 0 0 0 0 0 0 
0 0 0 0 0 0 0 0 0 0 0 0.176 0.596 0.918 0.996 0.996 0.996 0.996 0.996 0.98 0.827 0.592 0.0235 0 0 0 0 0 
0 0 0 0 0 0 0 0 0 0.18 0.6 0.941 0.996 0.996 0.89 0.651 0.522 0.984 0.784 0.996 0.898 0.882 0.408 0 0 0 0 0 
0 0 0 0 0 0 0 0 0.6 0.918 0.996 0.996 0.733 0.557 0.0314 0 0 0.749 0.157 0.776 0.965 0.875 0.992 0.0824 0 0 0 0 
0 0 0 0 0 0 0.0314 0.494 0.992 0.996 0.914 0.502 0.0431 0 0 0 0 0.824 0.169 0.275 0.996 0.996 0.996 0.0824 0 0 0 0 
0 0 0 0 0 0 0.282 0.953 0.996 0.894 0.212 0 0 0 0 0.0118 0.125 0.455 0.882 0.949 0.996 1 0.635 0.0196 0 0 0 0 
0 0 0 0 0 0 0.294 0.941 0.996 0.875 0.427 0.541 0.698 0.698 0.663 0.824 0.984 0.906 0.996 0.996 0.996 0.91 0.149 0 0 0 0 0 
0 0 0 0 0 0 0.0353 0.686 0.957 0.992 1 0.996 0.996 0.984 0.996 0.996 0.996 0.996 0.996 0.988 0.671 0.098 0 0 0 0 0 0 
0 0 0 0 0 0 0 0 0.0627 0.533 0.765 0.69 0.573 0.6 0.784 0.996 0.996 0.996 0.996 0.588 0.0627 0 0 0 0 0 0 0 
0 0 0 0 0 0 0 0 0 0 0 0 0 0 0.635 0.996 0.996 0.945 0.388 0.0118 0 0 0 0 0 0 0 0 
0 0 0 0 0 0 0 0 0 0 0 0 0 0.463 0.98 0.996 0.996 0.353 0 0 0 0 0 0 0 0 0 0 
0 0 0 0 0 0 0 0 0 0 0 0 0.392 0.949 0.996 0.996 0.827 0.0275 0 0 0 0 0 0 0 0 0 0 
0 0 0 0 0 0 0 0 0 0 0 0.212 0.945 0.996 0.996 0.949 0.231 0 0 0 0 0 0 0 0 0 0 0 
0 0 0 0 0 0 0 0 0 0 0 0.514 0.996 0.996 0.957 0.251 0 0 0 0 0 0 0 0 0 0 0 0 
0 0 0 0 0 0 0 0 0 0 0.051 0.976 0.996 0.996 0.596 0 0 0 0 0 0 0 0 0 0 0 0 0 
0 0 0 0 0 0 0 0 0 0.0471 0.894 0.996 0.996 0.816 0.0314 0 0 0 0 0 0 0 0 0 0 0 0 0 
0 0 0 0 0 0 0 0 0 0.306 1 0.996 0.996 0.259 0 0 0 0 0 0 0 0 0 0 0 0 0 0 
0 0 0 0 0 0 0 0 0 0.82 0.996 0.996 0.537 0 0 0 0 0 0 0 0 0 0 0 0 0 0 0 
0 0 0 0 0 0 0 0 0 0.89 1 0.914 0.098 0 0 0 0 0 0 0 0 0 0 0 0 0 0 0 
0 0 0 0 0 0 0 0 0 0.443 1 0.424 0 0 0 0 0 0 0 0 0 0 0 0 0 0 0 0 
0 0 0 0 0 0 0 0 0 0 0 0 0 0 0 0 0 0 0 0 0 0 0 0 0 0 0 0 